#phi theta fig5 of https://www.pnas.org/doi/full/10.1073/pnas.100127697
-20.145389519514843 35.51002954439435
-23.8936401803763 31.45389519514851
-21.491214430104172 31.02938889752761
-20.655419063909182 24.765199813403836
-18.37583579536618 25.838127818379736
-18.03374280827242 25.971855076970932
-16.774218628518106 25.5551236199658
-17.774063131705795 20.527911677810614
-14.114445653864088 20.094853055512374
-12.390763489348458 18.450474265277574
-11.827865028766901 19.94324366350491
-11.0324988337739 20.754159539729446
-8.277872803607515 18.69460426061267
-10.446275851345035 18.165137614678912
-11.011506764111324 17.080547348779362
-13.630850567563357 15.465712952884473
-12.138858653397598 14.367127973876546
-11.791323277872799 13.548437257036241
-11.895506142124084 11.780438501010739
-7.92100761934379 16.243197014461213
-7.690872337117085 15.969522624786201
-8.140258124708431 14.612035453273222
-6.5394184419219314 14.465090965635216
-10.286114134660231 10.136837194837518
-10.27522935779816 8.232001243974508
-8.221893951173989 8.898305084745772
-7.882910900326529 9.576271186440685
-7.313015083190784 9.844503187684666
-8.916187218162023 10.399626807650456
-8.920852122531478 11.21598507230603
-6.181775773596627 11.87762400870783
-4.244285492147405 12.816824755092533
-4.583268542994865 12.138858653397616
-4.693671279738751 11.459337583579547
-4.681231534753529 9.28238221116468
-5.7012906235422065 7.792722749183653
-5.814025812470838 7.521380811693369
-6.036386254081783 6.434458093609095
-7.403203234333688 5.627429637692437
-8.549992225159372 6.3155030321878485
-8.298864873270091 2.368216451562759
-5.091743119266042 1.1219095008552458
-5.566008396827861 4.118333074171993
-4.660239465090953 5.6087700202145925
-4.66801430570672 6.969367127973882
-4.2108536774996 6.966257191727578
-3.7568029855387834 7.507386098584988
-3.4178199346913303 8.185352200279908
-1.5837350334318074 7.22049447986317
0.249572383766143 6.391696470222371
2.3099051469444944 5.833462914010269
5.398849323588884 5.268232001243987
-1.5744052246928817 5.587777950552024
-0.7681542528378031 4.493857875913562
1.4041362152076005 4.3430259679676695
-2.822267143523547 3.9636137459182237
-3.8469911366816874 3.290312548592766
-2.8098273985383173 1.7866583735033572
-3.3773907634893376 1.1102472399315957
-1.3256103249883253 2.0486705022547156
-0.5333540662416354 3.40382522158297
0.6180998289535182 1.8993935624319818
2.7950552013683776 0.9322033898305193
0.7401648266210614 0.5380189706111125
0.7401648266210614 0.5380189706111125
0.2830041984139413 0.5411289068574163
0.05520136837196077 0.40662416420464353
-3.6992691649821055 -2.561032498833768
-1.4196858964391197 -1.4881044938578682
-0.3918519670346612 -1.3590421396361307
-0.27367438967499425 -2.040118177577355
0.3032187840149376 -2.99642357331674
0.8793344736433042 -3.816669258280193
1.4554501632716637 -4.636914943243653
0.7751516093920188 -5.5846680143056915
0.20992069662572277 -6.669258280205241
0.9088788679832192 -8.986938267765503
2.820712175400409 -3.5577670657751383
1.4437879023480136 -2.5960192816047183
2.350334318146487 -1.2416420463380433
4.07790390297 -3.5663193904524846
5.793811226869863 -3.850101072927991
8.422484839060814 -3.867983206344256
5.922096097030028 -6.299953350956294
5.1275073860986 -7.24692893795676
7.309127662882929 -9.030477375213799
7.309127662882929 -9.030477375213799
6.402581247084441 -10.384854610480481
4.916031721349718 -10.238687606904051
5.265122064997676 -11.329497745296216
6.8675167159073425 -11.748561654486068
10.856009951796004 -9.734877935002316
13.005753382055673 -5.939978230446265
17.843259213186144 -12.503498678277076
15.234022702534617 -15.88710931425905
11.916498211786674 -15.320323433369609
9.744985227802836 -15.305551236199648
5.759601928160478 -17.86347379878712
11.505986627274147 -23.480796143679044
18.839216296065942 -26.795988182242255
20.8824444098896 -24.360908101383913
2.263256103249894 -6.002954439433978